3 0.6365277777777777 0.3442857142857143 0.040000000000000036 0.08
0 0.4215277777777778 0.36428571428571427 0.03 0.06
0 0.2965277777777778 0.21928571428571428 0.020000000000000018 0.05
0 0.7515277777777777 0.4092857142857143 0.02999999999999995 0.05
0 0.5335069444444444 0.04702857142857143 0.01249999999999998 0.022857142857142857
0 0.57875 0.14182857142857144 0.017708333333333312 0.03028571428571427
3 0.43642361111111105 0.6654285714285715 0.03888888888888885 0.07142857142857142
3 0.2996527777777778 0.5058857142857143 0.0392361111111111 0.05199999999999997
0 0.6041840277777777 0.08194285714285714 0.0142013888888889 0.023428571428571437
0 0.1725 0.1295714285714286 0.01111111111111112 0.018799999999999994
0 0.04079861111111111 0.09811428571428572 0.013888888888888888 0.022285714285714298
3 0.4729513888888889 0.38202857142857144 0.02847222222222218 0.06337142857142859
3 0.47987847222222213 0.26885714285714285 0.02850694444444447 0.053142857142857165
0 0.49524305555555553 0.054771428571428575 0.013194444444444483 0.031028571428571433
0 0.6055555555555555 0.11428571428571428 0.024305555555555552 0.04
