0 0.37665551839464884 0.18404761904761904 0.03999999999999998 0.08
2 0.38665551839464884 0.259047619047619 0.05999999999999999 0.10999999999999997
2 0.21665551839464883 0.209047619047619 0.04000000000000003 0.09
0 0.44665551839464884 0.15404761904761904 0.04000000000000003 0.08
1 0.9416555183946487 0.22404761904761905 0.07000000000000002 0.13999999999999999
2 0.8666555183946488 0.344047619047619 0.07999999999999996 0.15999999999999998
2 0.2566555183946488 0.23404761904761903 0.05999999999999999 0.13999999999999999
2 0.12165551839464883 0.17404761904761906 0.07 0.13999999999999999
2 0.4666555183946488 0.28404761904761905 0.05999999999999999 0.13999999999999996
2 0.7416555183946488 0.294047619047619 0.07000000000000002 0.11999999999999997
2 0.07165551839464883 0.27404761904761904 0.09000000000000001 0.17999999999999997
2 0.3316555183946488 0.309047619047619 0.09000000000000004 0.18999999999999995
3 0.22665551839464881 0.739047619047619 0.22 0.42999999999999994
0 0.035183946488294315 0.5746428571428571 0.07705685618729097 0.21595238095238095
0 0.9766555183946487 0.23404761904761903 0.03999999999999993 0.09999999999999998
3 0.5566555183946488 0.20404761904761903 0.03999999999999993 0.1
