1 0.42543636363636367 0.18549180327868853 0.06418181818181815 0.13710382513661204
3 0.9727272727272728 0.036885245901639344 0.04727272727272727 0.07967213114754097
3 0.8244909090909092 0.07038251366120218 0.03967272727272726 0.060874316939890705
3 0.10356363636363637 0.15543715846994535 0.02756363636363637 0.050218579234972666
0 0.18636363636363637 0.15953551912568306 0.04 0.07
3 0.5013636363636363 0.14453551912568308 0.09 0.16
1 0.6113636363636363 0.22953551912568307 0.09 0.17
1 0.7713636363636364 0.21953551912568303 0.11 0.21
3 0.2675090909090909 0.16707650273224045 0.04730909090909088 0.06978142076502732
3 0.2953818181818182 0.23117486338797813 0.050690909090909085 0.09142076502732242
3 0.3680181818181818 0.22229508196721312 0.054072727272727286 0.10404371584699457
