2 0.43636363636363634 0.41453551912568304 0.06 0.12000000000000004
3 0.12136363636363637 0.40953551912568303 0.11 0.22999999999999998
1 0.5763636363636364 0.41453551912568304 0.04 0.10000000000000006
1 0.6963636363636364 0.444535519125683 0.04 0.09999999999999998
1 0.2863636363636364 0.43953551912568306 0.04 0.09
3 0.056363636363636366 0.3945355191256831 0.12 0.36
1 0.9613636363636363 0.47953551912568304 0.07 0.16999999999999998
1 0.9063636363636364 0.389535519125683 0.06 0.13000000000000003
1 0.8163636363636364 0.444535519125683 0.06 0.11999999999999997
2 0.6413636363636364 0.4045355191256831 0.07 0.16
2 0.5213636363636364 0.4195355191256831 0.07 0.13000000000000003
2 0.38136363636363635 0.40953551912568303 0.07 0.15000000000000002
