3 0.546868743047831 0.16124113475177304 0.0053503893214683 0.008865248226950354
3 0.8735817575083427 0.49333333333333335 0.02000000000000002 0.04
0 0.34708565072302555 0.4151595744680851 0.013058954393770804 0.01826241134751775
0 0.32566740823136814 0.39632978723404255 0.01000000000000001 0.010177304964539023
3 0.459265850945495 0.7510904255319149 0.01563959955506118 0.024485815602836882
3 0.43111234705228035 0.7045833333333333 0.017174638487208006 0.024485815602836882
0 0.3536763070077864 0.7019326241134751 0.013337041156840944 0.024078014184397135
1 0.15940489432703003 0.5546631205673759 0.013359288097886531 0.02021276595744677
3 0.2923859844271413 0.3873049645390071 0.014694104560622891 0.02198581560283684
1 0.45483870967741935 0.3168617021276595 0.009788654060066753 0.01879432624113474
3 0.6343659621802002 0.3848404255319149 0.009777530589544024 0.01890070921985815
3 0.7601167964404895 0.5268794326241134 0.009577308120133497 0.016134751773049585
3 0.9104226918798666 0.4838829787234042 0.008342602892102336 0.01223404255319155
3 0.4824638487208009 0.15228723404255318 0.0044605116796440384 0.005851063829787254
