0 0.27636363636363637 0.14453551912568305 0.02 0.059999999999999984
0 0.26136363636363635 0.3345355191256831 0.03 0.059999999999999984
1 0.49636363636363634 0.35453551912568304 0.04 0.08
3 0.3013636363636364 0.35953551912568305 0.05 0.09
3 0.9663636363636363 0.25453551912568306 0.06 0.13999999999999999
3 0.44636363636363635 0.35453551912568304 0.04 0.08
3 0.6113636363636363 0.264535519125683 0.07 0.12000000000000001
3 0.7063636363636364 0.2245355191256831 0.08 0.13999999999999999
3 0.08136363636363636 0.32453551912568307 0.05 0.10000000000000002
3 0.3613636363636364 0.34453551912568303 0.03 0.08000000000000004
3 0.22636363636363635 0.47953551912568304 0.12 0.20999999999999996
3 0.8563636363636363 0.24953551912568306 0.1 0.16999999999999998
