0 0.16166666666666668 0.529047619047619 0.07 0.13
0 0.2916666666666667 0.6340476190476191 0.09000000000000001 0.17999999999999997
0 0.4166666666666667 0.47404761904761905 0.04 0.07999999999999999
0 0.4816666666666667 0.484047619047619 0.05 0.09999999999999998
0 0.07166666666666667 0.584047619047619 0.11 0.20000000000000004
0 0.4766666666666667 0.299047619047619 0.04 0.06999999999999998
0 0.3466666666666667 0.424047619047619 0.04 0.07999999999999999
0 0.9516666666666668 0.659047619047619 0.09000000000000001 0.26999999999999996
0 0.5366666666666667 0.499047619047619 0.060000000000000005 0.13
0 0.7516666666666667 0.649047619047619 0.09000000000000001 0.16999999999999993
0 0.7166666666666667 0.494047619047619 0.08 0.15999999999999998
