3 0.47287272727272733 0.7166120218579234 0.030545454545454567 0.04644808743169391
3 0.8348545454545455 0.6450819672131147 0.02563636363636368 0.04306010928961746
3 0.809218181818182 0.7798907103825137 0.04374545454545455 0.049836065573770516
3 0.600909090909091 0.6240983606557378 0.02799999999999996 0.03770491803278684
3 0.5276363636363637 0.6156284153005465 0.02690909090909093 0.03278688524590164
0 0.4593454545454545 0.5331693989071038 0.016145454545454536 0.019016393442622972
3 0.3577818181818182 0.6197814207650273 0.02218181818181816 0.030601092896174832
3 0.29690909090909096 0.6919945355191257 0.022400000000000038 0.03491803278688533
3 0.044399999999999995 0.6574043715846994 0.023199999999999995 0.03426229508196719
3 0.7063636363636364 0.599535519125683 0.02 0.05000000000000003
0 0.49636363636363634 0.5245355191256831 0.02 0.04000000000000004
3 0.9413636363636364 0.6295355191256831 0.03 0.05000000000000003
