0 0.21166666666666667 0.7590476190476189 0.01 0.02999999999999995
0 0.9016666666666667 0.829047619047619 0.030000000000000002 0.03000000000000012
3 0.3516666666666667 0.859047619047619 0.01 0.02999999999999995
3 0.94715 0.8754166666666666 0.017766666666666615 0.033452380952380976
0 0.8703000000000002 0.7279166666666665 0.012666666666666705 0.021428571428571477
0 0.7037666666666667 0.894047619047619 0.013333333333333334 0.030357142857142822
0 0.60155 0.7241369047619047 0.01056666666666672 0.020535714285714216
0 0.5239666666666667 0.7169047619047618 0.012000000000000077 0.019047619047619063
0 0.1171 0.831190476190476 0.01159999999999999 0.025714285714285842
3 0.1044 0.6782142857142857 0.012333333333333344 0.02202380952380954
0 0.20173333333333332 0.6579761904761904 0.009666666666666662 0.019642857142857125
0 0.5751666666666667 0.721547619047619 0.011666666666666667 0.018452380952380918
