3 0.4220108695652174 0.7156593406593407 0.024311594202898527 0.036263736263736315
3 0.3678985507246377 0.805054945054945 0.03956521739130436 0.05142857142857135
3 0.22836956521739132 0.9023076923076924 0.0573913043478261 0.0878021978021979
0 0.4613768115942029 0.46950549450549456 0.029999999999999954 0.049999999999999975
3 0.3751449275362319 0.22181318681318685 0.02355072463768116 0.031868131868131894
3 0.30775362318840577 0.6562637362637364 0.02463768115942028 0.05274725274725272
3 0.28637681159420286 0.7296153846153847 0.030434782608695622 0.057692307692307696
3 0.41530797101449274 0.7597802197802198 0.03134057971014495 0.044175824175824295
3 0.4818478260869566 0.7218956043956044 0.030000000000000006 0.04038461538461536
3 0.20539855072463767 0.37263736263736263 0.01304347826086957 0.021428571428571384
