0 0.40166666666666667 0.559047619047619 0.01 0.02999999999999995
3 0.10666666666666667 0.564047619047619 0.02 0.039999999999999994
3 0.2866666666666667 0.529047619047619 0.02 0.04999999999999995
0 0.3566666666666667 0.559047619047619 0.02 0.02999999999999995
3 0.4816666666666667 0.529047619047619 0.030000000000000002 0.04999999999999995
0 0.6066666666666667 0.534047619047619 0.02 0.039999999999999994
3 0.5816666666666667 0.529047619047619 0.030000000000000002 0.04999999999999995
0 0.4916666666666667 0.539047619047619 0.030000000000000002 0.05000000000000003
3 0.6166666666666667 0.529047619047619 0.02 0.04999999999999995
0 0.27666666666666667 0.554047619047619 0.02 0.039999999999999994
0 0.7666666666666667 0.494047619047619 0.04 0.07999999999999999
3 0.6766666666666667 0.519047619047619 0.04 0.07000000000000002
0 0.7416666666666667 0.44404761904761897 0.030000000000000002 0.07999999999999999
0 0.5616666666666666 0.534047619047619 0.01 0.039999999999999994
0 0.5316666666666667 0.534047619047619 0.01 0.039999999999999994
0 0.4366666666666667 0.554047619047619 0.02 0.039999999999999994
