1 0.8346791786974654 0.40955237242614145 0.04999999999999997 0.07999999999999996
0 0.7746791786974656 0.3545523724261414 0.029999999999999923 0.06999999999999999
0 0.8796791786974655 0.41455237242614146 0.05999999999999999 0.11
1 0.5296791786974655 0.40955237242614145 0.039999999999999945 0.10000000000000003
0 0.13967917869746552 0.38955237242614144 0.05999999999999999 0.10000000000000003
2 0.37967917869746554 0.3795523724261415 0.05999999999999999 0.12000000000000002
1 0.7396791786974655 0.38455237242614143 0.04000000000000009 0.09000000000000002
1 0.7096791786974654 0.3795523724261415 0.039999999999999945 0.09999999999999999
3 0.5896791786974656 0.39455237242614144 0.05999999999999999 0.11
1 0.9876483798524222 0.37021262309758285 0.023798524222008434 0.07501790510295435
