0 0.6166666666666667 0.794047619047619 0.04 0.07999999999999999
3 0.9716666666666667 0.18904761904761902 0.030000000000000002 0.07
0 0.4916666666666667 0.5490476190476191 0.030000000000000002 0.07000000000000002
0 0.5579666666666666 0.6378273809523809 0.018733333333333255 0.03601190476190483
0 0.6035666666666667 0.6348214285714285 0.019666666666666686 0.028333333333333363
3 0.14166666666666666 0.8040476190476189 0.030000000000000002 0.060000000000000074
0 0.4720666666666667 0.6280357142857141 0.01800000000000002 0.025000000000000015
3 0.41300000000000003 0.6279761904761905 0.02466666666666664 0.03273809523809523
3 0.37638333333333335 0.654047619047619 0.02023333333333336 0.038333333333333316
3 0.33116666666666666 0.6854761904761905 0.02466666666666664 0.04773809523809521
0 0.13616666666666669 0.6101785714285713 0.01973333333333334 0.03523809523809525
3 0.8266666666666668 0.22404761904761905 0.060000000000000005 0.12
0 0.8966666666666667 0.32404761904761903 0.060000000000000005 0.14
3 0.7916666666666667 0.24404761904761904 0.07 0.13999999999999999
3 0.8866666666666667 0.17904761904761904 0.08 0.15
3 0.6966666666666667 0.23404761904761903 0.08 0.15999999999999998
