0 0.8753051643192489 0.4607805907172996 0.01999999999999996 0.029999999999999995
0 0.42694835680751175 0.8120675105485232 0.03849765258215964 0.032911392405063335
3 0.6225352112676058 0.8416033755274261 0.0456338028169014 0.03240506329113926
0 0.48056338028169016 0.1442194092827004 0.014553990610328612 0.015611814345991572
0 0.5257276995305163 0.1270042194092827 0.019718309859154945 0.012658227848101264
3 0.1907511737089202 0.529873417721519 0.025821596244131457 0.024050632911392415
0 0.7580281690140844 0.10333333333333333 0.01596244131455402 0.013924050632911394
0 0.8340845070422536 0.25852320675105483 0.02441314553990605 0.01856540084388185
0 0.7979342723004695 0.2933333333333333 0.019718309859154876 0.016455696202531667
3 0.6609859154929577 0.490084388185654 0.024319248826291114 0.028270042194092838
3 0.7574178403755868 0.4896624472573839 0.026760563380281772 0.024894514767932512
3 0.6359154929577464 0.5336286919831223 0.029577464788732313 0.024050632911392356
3 0.2785915492957747 0.5224894514767932 0.02854460093896716 0.02109704641350211
0 0.3253051643192488 0.5457805907172996 0.020000000000000025 0.040000000000000015
0 0.42530516431924886 0.10578059071729957 0.020000000000000025 0.020000000000000007
0 0.18530516431924882 0.24078059071729954 0.01999999999999999 0.029999999999999995
0 0.3953051643192488 0.3557805907172995 0.03999999999999998 0.040000000000000015
