3 0.3868666666666667 0.5349404761904761 0.0174666666666667 0.027500000000000024
3 0.6466666666666667 0.8740476190476189 0.060000000000000005 0.11999999999999997
3 0.5016666666666667 0.794047619047619 0.05 0.10000000000000006
3 0.3016666666666667 0.7240476190476189 0.05 0.09999999999999998
3 0.26166666666666666 0.8040476190476189 0.05 0.0999999999999999
3 0.08166666666666667 0.859047619047619 0.05 0.10999999999999993
3 0.5927 0.4658928571428571 0.02473333333333339 0.03630952380952377
3 0.11616666666666665 0.5625 0.02133333333333333 0.041666666666666664
3 0.17400000000000002 0.5788392857142857 0.025 0.04113095238095236
3 0.49681666666666674 0.47508928571428566 0.022366666666666694 0.033511904761904736
0 0.18666666666666668 0.494047619047619 0.02 0.039999999999999994
0 0.6266666666666667 0.42404761904761906 0.060000000000000005 0.09999999999999998
3 0.4116666666666667 0.7490476190476191 0.05 0.09000000000000002
1 0.1716666666666667 0.8790476190476191 0.05 0.10999999999999993
