0 0.17636363636363636 0.6895355191256831 0.02 0.049999999999999954
0 0.32136363636363635 0.684535519125683 0.03 0.05999999999999994
0 0.27136363636363636 0.674535519125683 0.03 0.06000000000000002
0 0.45136363636363636 0.6695355191256831 0.03 0.07
0 0.3013636363636364 0.684535519125683 0.03 0.05999999999999994
0 0.24136363636363636 0.6695355191256831 0.03 0.07
2 0.7213636363636363 0.2695355191256831 0.07 0.14999999999999997
3 0.8613636363636363 0.28453551912568303 0.07 0.11999999999999997
0 0.5713636363636364 0.23453551912568307 0.07 0.13999999999999999
3 0.037490909090909096 0.6814754098360656 0.033818181818181824 0.06721311475409843
3 0.10749090909090908 0.6883060109289617 0.029818181818181803 0.052459016393442595
