3 0.6316666666666667 0.869047619047619 0.030000000000000002 0.049999999999999864
3 0.9604333333333334 0.8476190476190474 0.028466666666666546 0.057142857142857106
0 0.7766666666666667 0.829047619047619 0.02 0.049999999999999864
0 0.5766666666666667 0.8490476190476189 0.02 0.05000000000000003
0 0.3816666666666667 0.949047619047619 0.030000000000000002 0.06999999999999994
0 0.5066666666666667 0.309047619047619 0.02 0.029999999999999992
3 0.8960000000000001 0.8147619047619047 0.029199999999999973 0.052857142857142825
3 0.8462666666666667 0.774702380952381 0.021600000000000064 0.036428571428571456
3 0.46538333333333337 0.6499107142857142 0.030233333333333313 0.035178571428571406
3 0.588 0.8959523809523808 0.025333333333333315 0.037499999999999895
3 0.5369 0.8863988095238095 0.01953333333333338 0.04648809523809525
