3 0.8763272727272727 0.3620218579234973 0.02101818181818182 0.03989071038251368
0 0.8465090909090909 0.3640983606557377 0.022909090909090952 0.03770491803278684
3 0.6263636363636363 0.559535519125683 0.04 0.09
1 0.8713636363636363 0.584535519125683 0.05 0.10000000000000006
3 0.6963636363636364 0.49453551912568305 0.04 0.07999999999999993
3 0.5563636363636364 0.599535519125683 0.04 0.07
3 0.7514545454545455 0.589535519125683 0.04683636363636362 0.0789617486338798
3 0.47730909090909085 0.6052732240437158 0.044363636363636424 0.07163934426229508
3 0.33374545454545457 0.5505191256830602 0.03709090909090905 0.05961748633879779
3 0.27494545454545455 0.6624043715846994 0.04072727272727269 0.07322404371584695
3 0.09634545454545454 0.5730601092896175 0.03850909090909091 0.06065573770491808
3 0.11507272727272726 0.5271311475409837 0.042581818181818186 0.07262295081967217
3 0.4808363636363636 0.3655737704918033 0.02407272727272729 0.045245901639344305
3 0.5342909090909091 0.3645901639344262 0.02276363636363633 0.04065573770491802
