3 0.3553051643192488 0.6857805907172996 0.11999999999999998 0.11999999999999998
3 0.4403051643192488 0.5907805907172996 0.09000000000000001 0.11000000000000003
3 0.16530516431924883 0.4307805907172995 0.060000000000000005 0.07
3 0.6853051643192488 0.6157805907172995 0.12000000000000001 0.11999999999999998
3 0.15530516431924882 0.7557805907172995 0.12 0.09999999999999995
3 0.8853051643192488 0.6707805907172995 0.12000000000000001 0.13
3 0.2933098591549296 0.4163502109704641 0.05046948356807508 0.05143459915611813
3 0.8785446009389671 0.3073628691983122 0.04769953051643191 0.037341772151898704
3 0.7282629107981221 0.3696413502109704 0.052300469483568014 0.04105485232067512
0 0.48030516431924886 0.23078059071729956 0.04999999999999996 0.049999999999999975
3 0.6346948356807511 0.3865822784810126 0.0416901408450704 0.03966244725738393
3 0.33436619718309857 0.19265822784810124 0.031079812206572792 0.03957805907172997
3 0.03816901408450704 0.41078059071729955 0.05765258215962441 0.04443037974683545
