3 0.9816666666666667 0.14904761904761904 0.030000000000000002 0.11
0 0.5866666666666667 0.14904761904761904 0.04 0.09
0 0.2816666666666667 0.17404761904761906 0.05 0.1
3 0.6916666666666668 0.10404761904761904 0.05 0.09999999999999998
3 0.8666666666666667 0.12904761904761905 0.04 0.06999999999999998
3 0.4066666666666667 0.12904761904761905 0.04 0.09
3 0.8316666666666667 0.12404761904761905 0.05 0.09999999999999998
0 0.14166666666666666 0.22404761904761905 0.05 0.1
1 0.2916666666666667 0.12904761904761905 0.05 0.11000000000000001
3 0.5066666666666667 0.11904761904761904 0.04 0.06999999999999999
0 0.3766666666666667 0.15404761904761904 0.060000000000000005 0.14
0 0.12666666666666668 0.13904761904761903 0.04 0.09
3 0.9166666666666667 0.12404761904761905 0.060000000000000005 0.12000000000000001
3 0.7766666666666667 0.12904761904761905 0.04 0.09
