3 0.3519333333333334 0.4035119047619047 0.02193333333333333 0.035952380952380986
3 0.38775000000000004 0.3929166666666666 0.023033333333333322 0.03380952380952376
3 0.7928666666666667 0.35062499999999996 0.03199999999999998 0.05708333333333335
1 0.9263333333333333 0.462797619047619 0.045333333333333226 0.05416666666666663
3 0.4666666666666667 0.35404761904761906 0.02 0.040000000000000036
0 0.5066666666666667 0.339047619047619 0.02 0.04999999999999999
1 0.3973333333333333 0.4580357142857142 0.03400000000000001 0.09107142857142855
3 0.7416666666666667 0.47904761904761894 0.05 0.11000000000000001
3 0.4266666666666667 0.359047619047619 0.02 0.030000000000000037
0 0.4766666666666667 0.344047619047619 0.02 0.039999999999999994
