3 0.23147887323943667 0.4243502824858757 0.23000000000000004 0.43999999999999995
0 0.8564788732394367 0.06435028248587571 0.08 0.14
0 0.6814788732394367 0.0593502824858757 0.030000000000000037 0.09
0 0.5914788732394367 0.0593502824858757 0.030000000000000037 0.049999999999999996
0 0.2714788732394366 0.0543502824858757 0.029999999999999985 0.060000000000000005
0 0.6464788732394366 0.0543502824858757 0.04000000000000005 0.08
0 0.7464788732394366 0.08935028248587569 0.020000000000000025 0.04999999999999999
0 0.6914788732394366 0.1993502824858757 0.04999999999999996 0.09
0 0.5514788732394367 0.034350282485875704 0.029999999999999936 0.060000000000000005
0 0.5514788732394367 0.0793502824858757 0.029999999999999936 0.049999999999999996
