3 0.5813636363636364 0.35453551912568304 0.05 0.10000000000000002
3 0.7813636363636364 0.35453551912568304 0.03 0.06000000000000002
2 0.4813636363636364 0.36953551912568305 0.05 0.10999999999999997
1 0.5313636363636364 0.3345355191256831 0.07 0.14
3 0.7013636363636364 0.34453551912568314 0.03 0.06000000000000002
3 0.2913636363636364 0.38453551912568307 0.05 0.09999999999999998
3 0.10636363636363637 0.39953551912568314 0.06 0.11000000000000006
1 0.3513636363636364 0.35453551912568304 0.05 0.10000000000000002
3 0.39636363636363636 0.3395355191256831 0.06 0.11000000000000001
3 0.6313636363636363 0.34453551912568303 0.05 0.08000000000000004
