0 0.7591666666666668 0.38660714285714276 0.05433333333333337 0.11488095238095236
1 0.5038333333333332 0.5833333333333333 0.06300000000000003 0.13095238095238093
1 0.37300000000000005 0.4029464285714285 0.03799999999999997 0.06541666666666664
1 0.4456333333333334 0.45979166666666665 0.05313333333333333 0.13041666666666665
0 0.8613333333333333 0.4571428571428572 0.05266666666666671 0.10833333333333335
0 0.3466666666666667 0.09404761904761905 0.02 0.04
3 0.2366666666666667 0.209047619047619 0.04 0.09
3 0.2816666666666667 0.19404761904761905 0.05 0.1
3 0.4366666666666667 0.16904761904761903 0.04 0.09
3 0.5566666666666668 0.44404761904761897 0.04 0.09999999999999998
