1 0.5262264150943395 0.4047368421052632 0.03999999999999998 0.09999999999999999
3 0.9830377358490566 0.36994736842105264 0.026377358490566074 0.07894736842105267
1 0.7012264150943396 0.37473684210526315 0.05 0.09999999999999999
0 0.7912264150943397 0.4047368421052632 0.030000000000000065 0.08000000000000002
2 0.8262264150943396 0.4097368421052631 0.03999999999999998 0.09000000000000004
0 0.1362264150943396 0.3847368421052631 0.06 0.11999999999999998
3 0.7412264150943396 0.3797368421052632 0.05 0.09000000000000004
0 0.3712264150943396 0.3747368421052631 0.07000000000000005 0.11999999999999998
3 0.5862264150943397 0.38973684210526316 0.06000000000000002 0.11000000000000003
0 0.8762264150943396 0.39973684210526317 0.06000000000000002 0.11000000000000003
